Examples
-----------------------
A = array([[1, 2, -2],
           [1, 1, 1],
           [2, 2, 1]])
b = array([1, 2, 3])
-----------------------
A = array([[8, -3, 2],
           [4, 11, -1],
           [6, 3, 12]])
b = array([20, 33, 36])
-----------------------
A = array([[4, -1, 1],
           [4, -8, 1],
           [-2, 1, 5]])
b = array([7, -21, 15])
-----------------------
A = array([[10, 3, 1],
           [2, -10, 3],
           [1, 3, 10]])
b = array([14, -5, 14])
-----------------------
A = array([[2, -1, 0],
           [-1, 3, -1],
           [0, -1, 2]])
b = array([1, 8, -5])
-----------------------
A = array([[31.0, -13, 0, 0, 0, -10, 0, 0, 0],
           [-13, 35, -9, 0, -11, 0, 0, 0, 0],
           [0, -9, 31, -10, 0, 0, 0, 0, 0],
           [0, 0, -10, 79, -30, 0, 0, 0, -9],
           [0, 0, 0, -30, 57, -7, 0, -5, 0],
           [0, 0, 0, 0, -7, 47, -30, 0, 0],
           [0, 0, 0, 0, 0, -30, 41, 0, 0],
           [0, 0, 0, 0, -5, 0, 0, 27, -2],
           [0.0, 0, 0, -9, 0, 0, 0, -2, 29]])
b = array([-15, 27, -23, 0, -20, 12, -7, 7, 10])
-----------------------
A = array([[4, 3, 0],
           [3, 4, -1],
           [0, -1, 4]])
b = array([24, 30, -24])
-----------------------
A = array([[0.76, -0.01, -0.14, -0.16],
           [-0.01, 0.88, -0.03, 0.06],
           [-0.14, -0.03, 1.01, -0.12],
           [-0.16, 0.06, -0.12, 0.72]])
b = array([0.68, 1.18, 0.12, 0.74])
x0 = array([0.0, 0, 0, 0])
-----------------------
A = array([[9, 18, 9, -27],
           [18, 45, 0, -45],
           [9, 0, 126, 9],
           [-27, -45, 9, 135]])
b = array([1, 2, 16, 8])


